8 122
10 112
12 100
14 93
16 90
18 77.8
20 71.5
22 65
24 58
26 51.6
28 45
30 39
32 33.4
34 29
36 25.5
38 22.3
40 20
42 18
44 16
46 14.3
48 12.9
50 11.6
52 10.2
54 9.1
56 8.2
58 7.2
60 6.4
62 5.7
64 5.2
66 4.7
68 4.4
70 3.9
72 3.6
74 3.3
76 3
78 2.9
80 2.8
82 2.7
84 2.8
86 2.9
88 3
90 3.2
92 3.4
94 3.8
96 4.2
98 4.8
100 5.3
102 6
104 6.7
106 7.5
108 8.4
110 9.6
112 10.6
114 11.9
116 13.2
118 14.8
120 16.4
122 18.1
124 20
126 22
128 24.2
130 26.9
132 29.5
134 32.3
136 35.4
138 38.3
140 41.7
142 45
146 52.4
148 56
150 60
152 63.9
154 68.1
156 72.8
158 77.3
160 82.3
162 87.4
164 92.7
166 97.8
168 102.2
170 106.8
172 110.9
174 115
176 119.2
178 123.3
180 127.9
182 130.4
184 134
186 137.1
188 140.2
190 143.9
192 147.7
194 152
196 155
